16
5 5 5 5 5 5 5 5 2 2 2 2 4 4 4 4
5 5 5 5 5 5 5 5 2 2 2 2 4 4 4 4
5 5 5 5 5 5 5 5 2 2 2 2 4 4 4 4
5 5 5 5 5 5 5 5 2 2 2 2 4 4 4 4
5 5 5 5 5 5 5 5 3 3 3 3 6 6 6 6
5 5 5 5 5 5 5 5 3 3 3 3 6 6 6 6
5 5 5 5 5 5 5 5 3 3 3 3 6 6 6 6
5 5 5 5 5 5 5 5 3 3 3 3 6 6 6 6
1 1 1 1 7 7 8 8 6 6 6 6 5 5 5 5
1 1 1 1 7 7 8 8 6 6 6 6 5 5 5 5
1 1 1 1 8 8 7 7 6 6 6 6 5 5 5 5
1 1 1 1 8 8 7 7 6 6 6 6 5 5 5 5
2 2 2 2 3 3 3 3 1 1 5 5 9 9 9 9
2 2 2 2 3 3 3 3 1 1 5 5 9 9 9 9
2 2 2 2 3 3 3 3 9 7 8 8 9 9 9 9
2 2 2 2 3 3 3 3 6 4 8 8 9 9 9 9